G[0][0]=100.7782219
G[0][1]=100.7782219
G[0][2]=100.7782219
G[0][3]=100.7782219
G[1][0]=106.8000468
G[1][1]=35.60001561
G[1][5]=71.20003121
G[1][6]=106.8000468
G[1][7]=106.8000468
G[2][0]=94.33981132
G[2][4]=23.58495283
G[2][5]=117.9247642
G[2][6]=47.16990566
G[2][10]=70.75485849
G[2][11]=117.9247642
G[3][4]=100.7782219
G[3][5]=100.7782219
G[3][6]=100.7782219
G[3][7]=100.7782219
G[4][4]=100.7782219
G[4][5]=100.7782219
G[4][6]=100.7782219
G[4][7]=100.7782219
G[5][4]=106.8000468
G[5][5]=35.60001561
G[5][9]=71.20003121
G[5][10]=106.8000468
G[5][11]=106.8000468
G[6][5]=106.8000468
G[6][6]=106.8000468
G[6][7]=71.20003121
G[6][8]=35.60001561
G[6][9]=106.8000468
G[7][8]=100.7782219
G[7][9]=100.7782219
G[7][10]=100.7782219
G[7][11]=100.7782219
G[8][8]=100.7782219
G[8][9]=100.7782219
G[8][10]=100.7782219
G[8][11]=100.7782219
G[9][6]=117.9247642
G[9][7]=70.75485849
G[9][8]=47.16990566
G[9][9]=117.9247642
G[9][10]=23.58495283
G[9][12]=94.33981132
G[10][9]=106.8000468
G[10][10]=106.8000468
G[10][11]=71.20003121
G[10][12]=35.60001561
G[10][13]=106.8000468
G[11][12]=100.7782219
G[11][13]=100.7782219
G[11][14]=100.7782219
G[11][15]=100.7782219
